image: scan_by_robot.png
resolution: 0.03
origin: [-14.25103271484375, -7.429531860351562, 0]
