image: map.png
resolution: 0.05
origin: [-28.85039619035392, -11.97554206453096, 0.0]
negate: 0
occupied_thresh: 0.65
free_thresh: 0.196
